530
201020001	1001
201020002	1001
201020003	1001
201020004	1001
201020005	1001
201020006	1001
201020007	1001
201020008	1001
201020009	1001
201020010	1001
201020011	1001
201020012	1001
201020013	1001
201020014	1001
201020015	1001
201020016	1001
201020017	1001
201020018	1001
201020019	1001
201020020	1001
201020021	1001
201020022	1001
201020023	1001
201020024	1001
201020025	1001
201020026	1001
201020027	1001
201020028	1001
201020029	1001
201020030	1001
201020031	1001
201020032	1001
201020033	1001
201020034	1001
201020035	1001
201020036	1001
201020037	1001
201020038	1001
201020039	1001
201020040	1001
201020001	1011
201020002	1011
201020003	1011
201020004	1011
201020005	1011
201020006	1011
201020007	1011
201020008	1011
201020009	1011
201020010	1011
201020011	1011
201020012	1011
201020013	1011
201020014	1011
201020015	1011
201020016	1011
201020017	1011
201020018	1011
201020019	1011
201020020	1011
201020021	1011
201020022	1011
201020023	1011
201020024	1011
201020025	1011
201020026	1011
201020027	1011
201020028	1011
201020029	1011
201020030	1011
201020031	1012
201020032	1012
201020033	1012
201020034	1012
201020035	1012
201020036	1012
201020037	1012
201020038	1012
201020039	1012
201020040	1012
201020041	1012
201020042	1012
201020043	1012
201020044	1012
201020045	1012
201020046	1012
201020047	1012
201020048	1012
201020049	1012
201020050	1012
201020051	1012
201020052	1012
201020053	1012
201020054	1012
201020055	1012
201020056	1012
201020057	1012
201020058	1012
201020059	1012
201020060	1012
201020001	1021
201020002	1021
201020003	1021
201020004	1021
201020005	1021
201020006	1021
201020007	1021
201020008	1021
201020009	1021
201020010	1021
201020011	1021
201020012	1021
201020013	1021
201020014	1021
201020015	1021
201020016	1021
201020017	1021
201020018	1021
201020019	1021
201020020	1021
201020021	1021
201020022	1021
201020023	1021
201020024	1021
201020025	1021
201020026	1021
201020027	1021
201020028	1021
201020029	1021
201020030	1021
201020031	1022
201020032	1022
201020033	1022
201020034	1022
201020035	1022
201020036	1022
201020037	1022
201020038	1022
201020039	1022
201020040	1022
201020041	1022
201020042	1022
201020043	1022
201020044	1022
201020045	1022
201020046	1022
201020047	1022
201020048	1022
201020049	1022
201020050	1022
201020051	1022
201020052	1022
201020053	1022
201020054	1022
201020055	1022
201020056	1022
201020057	1022
201020058	1022
201020059	1022
201020060	1022
201020031	1031
201020032	1031
201020033	1031
201020034	1031
201020035	1031
201020036	1031
201020037	1031
201020038	1031
201020039	1031
201020040	1031
201020041	1031
201020042	1031
201020043	1031
201020044	1031
201020045	1031
201020046	1031
201020047	1031
201020048	1031
201020049	1031
201020050	1031
201020051	1031
201020052	1031
201020053	1031
201020054	1031
201020055	1031
201020056	1031
201020057	1031
201020058	1031
201020059	1031
201020060	1031
201022201	2001
201022202	2001
201022203	2001
201022204	2001
201022205	2001
201022206	2001
201022207	2001
201022208	2001
201022209	2001
201022210	2001
201022211	2001
201022212	2001
201022213	2001
201022214	2001
201022215	2001
201022216	2001
201022217	2001
201022218	2001
201022219	2001
201022220	2001
201022221	2001
201022222	2001
201022223	2001
201022224	2001
201022225	2001
201022226	2001
201022227	2001
201022228	2001
201022229	2001
201022230	2001
201022231	2002
201022232	2002
201022233	2002
201022234	2002
201022235	2002
201022236	2002
201022237	2002
201022238	2002
201022239	2002
201022240	2002
201022241	2002
201022242	2002
201022243	2002
201022244	2002
201022245	2002
201022246	2002
201022247	2002
201022248	2002
201022249	2002
201022250	2002
201022251	2002
201022252	2002
201022253	2002
201022254	2002
201022255	2002
201022256	2002
201022257	2002
201022258	2002
201022259	2002
201022260	2002
201022201	2011
201022202	2011
201022203	2011
201022204	2011
201022205	2011
201022206	2011
201022207	2011
201022208	2011
201022209	2011
201022210	2011
201022211	2011
201022212	2011
201022213	2011
201022214	2011
201022215	2011
201022216	2011
201022217	2011
201022218	2011
201022219	2011
201022220	2011
201022231	2012
201022232	2012
201022233	2012
201022234	2012
201022235	2012
201022236	2012
201022237	2012
201022238	2012
201022239	2012
201022240	2012
201022241	2012
201022242	2012
201022243	2012
201022244	2012
201022245	2012
201022246	2012
201022247	2012
201022248	2012
201022249	2012
201022250	2012
201022251	2012
201022252	2012
201022253	2012
201022254	2012
201022255	2012
201022256	2012
201022257	2012
201022258	2012
201022259	2012
201022260	2012
201024401	3001
201024402	3001
201024403	3001
201024404	3001
201024405	3001
201024406	3001
201024407	3001
201024408	3001
201024409	3001
201024410	3001
201024411	3001
201024412	3001
201024413	3001
201024414	3001
201024415	3001
201024416	3001
201024417	3001
201024418	3001
201024419	3001
201024420	3001
201024421	3001
201024422	3001
201024423	3001
201024424	3001
201024425	3001
201024426	3001
201024427	3001
201024428	3001
201024429	3001
201024430	3001
201024401	3011
201024402	3011
201024403	3011
201024404	3011
201024405	3011
201024406	3011
201024407	3011
201024408	3011
201024409	3011
201024410	3011
201024411	3011
201024412	3011
201024413	3011
201024414	3011
201024415	3011
201024416	3011
201024417	3011
201024418	3011
201024419	3011
201024420	3011
201024421	3011
201024422	3011
201024423	3011
201024424	3011
201024425	3011
201024426	3011
201024427	3011
201024428	3011
201024429	3011
201024430	3011
201024441	3012
201024442	3012
201024443	3012
201024444	3012
201024445	3012
201024446	3012
201024447	3012
201024448	3012
201024449	3012
201024450	3012
201024451	3012
201024452	3012
201024453	3012
201024454	3012
201024455	3012
201024456	3012
201024457	3012
201024458	3012
201024459	3012
201024460	3012
201024411	3021
201024412	3021
201024413	3021
201024414	3021
201024415	3021
201024416	3021
201024417	3021
201024418	3021
201024419	3021
201024420	3021
201024421	3021
201024422	3021
201024423	3021
201024424	3021
201024425	3021
201024426	3021
201024427	3021
201024428	3021
201024429	3021
201024430	3021
201024441	3022
201024442	3022
201024443	3022
201024444	3022
201024445	3022
201024446	3022
201024447	3022
201024448	3022
201024449	3022
201024450	3022
201024451	3022
201024452	3022
201024453	3022
201024454	3022
201024455	3022
201024456	3022
201024457	3022
201024458	3022
201024459	3022
201024460	3022
201024401	3031
201024402	3031
201024403	3031
201024404	3031
201024405	3031
201024406	3031
201024407	3031
201024408	3031
201024409	3031
201024410	3031
201024411	3031
201024412	3031
201024413	3031
201024414	3031
201024415	3031
201024416	3031
201024417	3031
201024418	3031
201024419	3031
201024420	3031
201024441	3032
201024442	3032
201024443	3032
201024444	3032
201024445	3032
201024446	3032
201024447	3032
201024448	3032
201024449	3032
201024450	3032
201024451	3032
201024452	3032
201024453	3032
201024454	3032
201024455	3032
201024456	3032
201024457	3032
201024458	3032
201024459	3032
201024460	3032
201024441	3041
201024442	3041
201024443	3041
201024444	3041
201024445	3041
201024446	3041
201024447	3041
201024448	3041
201024449	3041
201024450	3041
201024451	3041
201024452	3041
201024453	3041
201024454	3041
201024455	3041
201024456	3041
201024457	3041
201024458	3041
201024459	3041
201024460	3041
201020001	3041
201020002	3041
201020003	3041
201020004	3041
201020005	3041
201020006	3041
201020007	3041
201020008	3041
201020009	3041
201020010	3041
201024451	3051
201024452	3051
201024453	3051
201024454	3051
201024455	3051
201024456	3051
201024457	3051
201024458	3051
201024459	3051
201024460	3051
201022201	3051
201022202	3051
201022203	3051
201022204	3051
201022205	3051
201022206	3051
201022207	3051
201022208	3051
201022209	3051
201022210	3051
201022211	3051
201022212	3051
201022213	3051
201022214	3051
201022215	3051
201022216	3051
201022217	3051
201022218	3051
201022219	3051
201022220	3051
201022221	3051
201022222	3051
201022223	3051
201022224	3051
201022225	3051
201022226	3051
201022227	3051
201022228	3051
201022229	3051
201022230	3051